Response received
354
351
392
397
338
338
338
756
761
855
347
978
1207
358
1049
901
676
587
1382
1168
1821
772
1015
476
1513
1134
983
1512
1175
757
1851
1971
3123
2806
677
1466
1682
1454
879
2058
2213
1477
1678
2713
1307
1625
2118
2523
765
1354
795
475
885
1747
1477
1353
531
2365
652
1566
2472
2420
1873
788
1845
2163
2071
2704
1669
1958
3308
2468
3015
1349
2053
3502
2569
2257
2681
2463
2564
669
2768
3606
2149
777
949
3811
2255
3413
2370
2436
4108
4007
3912
760
489
2645
2440
2474
737
2729
643
794
797
2786
4039
4182
2396
2419
1438
2404
596
543
625
4066
710
603
721
4230
768
2674
588
602
706
2788
306
2417
583
565
2471
4217
2942
2859
4293
619
4461
606
2397
2984
3070
3036
554
2345
4460
605
2328
592
2493
2500
2383
3016
511
678
795
2502
892
4514
2548
311
4784
4647
511
3080
2492
3177
4880
484
2521
497
2506
4926
451
2549
515
2539
4973
2602
4956
608
2636
2704
2592
340
4898
2786
2830
2878
2947
2998
2545
4881
2619
312
4882
4963
2987
303
2601
4979
302
4888
5059
5111
5141
278
5178
2807
317
5213
2374
387
2415
320
5236
5250
305
2360
2671
5312
2826
306
2312
2388
360
2371
270
5177
294
2654
431
2685
5151
287
489
2739
5174
5198
5207
2094
2592
2601
262
5128
5182
384
317
1975
2498
7042
1961
274
5861
2530
371
2498
2564
341
2588
1813
2604
357
284
2745
6315
1776
2731
1734
277
5923
285
404
367
2666
463
615
1606
297
5698
2625
2675
5639
5722
272
5838
281
4245
4150
2520
2591
1361
2621
1319
4178
284
1362
2612
273
2645
4136
293
319
314
1216
4124
1278
303
1281
376
458
1229
303
500
4010
2428
257
302
2404
2507
5377
1133
2510
1189
1204
1210
373
262
382
279
5298
2378
2398
5622
262
5429
4744
270
2333
304
321
2371
2407
5246
314
2481
2492
4603
4488
263
4846
4910
266
253
2416
3259
303
365
448
601
686
2388
763
4891
266
2391
769
289
856
2406
281
327
875
4792
904
2406
276
276
306
4354
819
3945
309
369
4065
4254
324
427
2195
486
4346
672
1720
1887
278
435
2089
1905
3645
2132
3554
296
3509
1573
1175
321
2287
1299
1398
1192
311
1982
1008
330
386
310
2203
266
2283
261
433
2281
1876
276
253
270
506
316
1831
3460
284
2173
255
465
253
271
2284
294
2171
280
563
269
320
280
562
583
2194
273
622
284
380
660
342
2156
629
789
708
2172
1539
1633
263
286
590
1616
246
1105
257
1078
262
1102
274
1513
323
718
2944
2895
1528
270
1084
251
1883
1973
306
604
1114
316
277
1569
262
1937
1019
272
261
1531
317
290
2940
504
1576
2891
1653
284
326
297
1826
1678
941
266
1882
272
3066
300
277
3034
1865
326
1924
330
263
507
283
3743
331
628
526
259
3494
285
600
266
1822
279
2775
265
303
284
837
342
829
2727
624
266
308
275
727
2716
326
394
2508
2572
1631
2850
335
312
267
3066
313
2357
2355
265
1037
332
386
313
2268
2529
2201
252
454
2360
303
1452
1957
2861
488
274
2736
297
2159
529
2890
312
291
500
2867
261
298
1875
282
273
640
256
588
949
293
264
303
596
264
917
317
297
299
550
1990
2083
268
510
886
483
289
274
447
554
450
932
312
976
1109
246
292
1828
1929
277
283
254
502
267
306
561
1036
888
430
277
294
469
1014
277
3072
279
284
523
540
809
330
1447
287
408
558
650
846
525
377
276
905
265
432
504
3105
686
312
297
688
2423
1496
248
320
300
256
276
452
435
286
382
272
1380
257
2510
251
298
277
523
740
369
819
333
358
299
290
854
424
399
548
380
471
946
863
277
2113
423
290
1433
2065
257
2059
961
445
491
278
717
274
352
530
308
1541
419
267
562
665
1421
565
1409
631
269
259
803
1278
400
303
311
597
359
277
841
1322
377
452
363
331
304
1453
419
416
676
303
563
1527
295
1842
806
264
271
797
1468
1896
353
666
271
337
367
265
1267
263
340
295
311
278
330
1856
1099
311
598
314
267
515
367
1084
660
293
399
736
392
270
321
302
308
562
399
483
393
496
753
279
703
261
811
1266
1189
885
597
383
350
1440
1172
676
316
315
563
1241
307
1353
758
1534
555
903
279
853
1382
1024
269
322
898
335
1087
289
1964
923
1705
1346
981
1280
311
307
308
265
464
303
285
1366
1069
1142
1643
271
260
271
1891
308
299
1020
322
342
544
1203
601
1113
1288
769
667
276
510
339
794
523
303
1342
281
357
1207
1071
341
492
305
764
266
476
278
335
347
319
1264
1915
294
575
966
1952
285
1022
949
548
325
325
501
636
667
272
1152
1876
300
1053
709
1667
263
530
313
1997
1290
881
322
281
1404
1450
379
671
274
335
274
988
1306
792
809
273
845
911
788
988
1958
1222
1129
839
262
2014
272
1049
322
295
269
940
775
277
996
266
405
1093
1064
273
299
782
276
280
324
1071
270
1070
261
1209
727
321
292
270
805
1149
334
352
270
274
365
339
314
1010
848
1305
394
400
304
874
371
948
659
541
976
333
294
320
965
323
283
565
1242
1033
347
1161
288
909
957
977
319
1143
1055
1133
1085
297
333
566
270
639
1751
716
265
1102
294
1332
887
272
1286
298
952
268
290
1275
1192
265
1706
323
311
309
263
896
671
958
1466
1060
1064
1058
1040
998
1008
259
258
976
313
1669
308
1300
313
267
557
1092
1361
277
266
1007
257
1784
1057
301
1051
1303
1413
1178
282
260
314
1356
279
1045
301
261
1496
284
1348
279
1466
1046
266
285
279
1322
306
292
264
298
273
928
906
355
266
323
1761
980
267
321
250
410
409
258
274
1306
864
315
350
254
1631
278
309
1416
1410
287
264
395
453
272
294
813
896
254
1391
802
1320
315
263
1533
1529
281
855
850
1400
1560
262
806
1757
294
262
420
1800
267
870
312
1591
322
275
816
1520
349
320
258
397
1595
329
872
873
949
309
1694
1789
1701
957
1880
1898
446
906
268
261
886
266
1828
319
313
1790
266
281
879
2016
274
440
408
280
884
417
318
279
272
913
287
302
290
304
272
482
310
1824
1724
471
752
1872
278
460
1945
277
352
796
276
272
273
304
293
1904
1807
730
697
1985
822
320
267
258
255
262
306
384
307
287
717
275
724
269
376
316
329
269
404
415
702
1700
267
291
273
276
266
275
722
713
283
769
741
1762
271
738
293
1874
268
730
1962
275
283
271
771
262
336
803
275
693
329
763
263
763
1774
287
1674
360
1726
338
331
252
1811
749
1934
1824
266
278
752
1974
1988
271
1979
727
752
2124
258
276
1964
345
711
347
291
284
283
2077
666
339
299
294
267
276
340
292
1947
315
272
1921
2008
297
647
1968
2054
622
2030
325
687
309
328
295
2036
262
326
2107
264
2052
288
268
266
286
314
277
397
279
300
473
2092
2041
278
377
519
2066
2117
280
494
449
270
503
535
2087
299
257
562
469
291
2062
328
272
432
2095
468
265
278
278
2063
2089
264
272
405
264
262
265
402
298
412
266
294
879
2065
2000
2065
256
264
2059
306
407
317
244
300
2089
305
2100
2088
289
360
320
296
311
269
272
277
307
2028
301
278
334
302
336
2105
2066
295
290
275
263
303
318
2016
263
271
321
295
325
266
2020
2097
2086
2044
294
268
272
283
329
321
328
327
2046
2046
327
2193
273
374
2122
268
2071
2050
263
307
2146
299
270
388
279
276
326
266
2075
2113
2094
354
286
259
2154
302
2110
2140
310
266
326
374
332
447
550
296
539
255
268
282
266
298
285
388
287
262
279
307
1964
260
507
274
1933
264
301
255
291
265
284
448
263
311
1928
285
296
290
270
461
277
269
261
257
324
1853
282
334
402
497
502
305
583
398
274
299
271
1748
254
273
270
309
1760
1711
269
295
259
1862
313
1841
256
306
269
276
434
304
258
290
1831
260
281
1680
304
262
1736
294
256
269
284
304
264
273
307
314
1715
264
322
278
301
258
281
1653
398
254
1635
264
272
277
300
266
264
274
262
320
288
264
314
324
301
272
1599
311
1558
291
272
1541
257
312
273
1525
408
393
273
323
1486
273
403
1515
1546
1515
293
300
267
269
335
261
1515
279
1463
274
302
274
286
261
261
313
274
261
341
270
327
266
300
263
287
1433
1369
319
304
1459
1384
284
336
345
1403
267
1417
276
273
300
1386
1363
284
265
277
271
339
292
268
289
266
267
271
1371
294
324
267
313
261
263
325
1306
309
281
1348
283
280
1299
320
1264
274
279
288
1279
261
315
292
310
278
328
1269
295
289
283
334
562
656
272
633
839
304
295
816
342
822
564
1173
569
1304
551
348
284
298
326
1123
315
934
277
946
360
283
336
301
1110
1106
337
279
335
318
297
276
321
570
570
276
339
321
298
340
1018
1088
1120
266
319
274
326
268
969
263
324
323
401
271
349
1045
354
334
333
1053
341
353
353
333
329
325
325
357
343
331
331
922
348
312
307
300
325
308
357
331
917
285
423
331
412
895
322
299
279
880
406
273
297
323
295
356
296
319
890
308
330
355
362
307
284
379
352
284
297
355
287
348
281
362
791
551
432
283
294
303
655
808
586
298
707
339
294
290
797
275
333
792
888
652
276
890
278
369
653
787
339
300
319
496
287
802
342
786
264
302
286
301
285
507
278
819
305
314
313
781
286
751
342
271
281
275
308
305
828
283
334
331
738
782
282
265
283
776
279
953
753
272
330
840
764
282
770
796
287
337
294
299
296
799
352
286
801
827
392
282
861
288
300
669
793
567
867
285
277
276
814
789
284
283
292
248
830
430
283
308
318
266
315
294
288
323
754
977
298
795
264
289
825
322
485
877
283
281
748
286
375
329
1057
959
319
1053
587
1225
268
259
537
260
271
295
292
397
263
264
335
706
289
690
685
304
281
712
273
744
1148
932
283
306
369
297
766
743
260
517
255
262
316
260
267
274
303
411
272
311
349
674
278
720
706
307
273
688
364
252
420
266
282
681
268
272
733
309
469
274
724
687
828
902
825
315
260
270
262
277
382
268
698
263
268
695
399
272
281
555
446
477
267
680
308
279
673
281
662
321
275
267
712
265
505
670
274
708
691
296
282
272
687
402
923
259
267
712
264
271
274
275
259
281
739
271
380
284
281
281
672
294
374
705
274
438
325
722
720
270
732
454
712
389
270
265
386
723
719
277
277
276
291
268
275
804
1025
252
413
930
276
310
424
631
428
432
273
272
403
286
281
294
1044
268
277
928
455
295
324
637
259
295
480
298
278
501
267
599
288
542
290
395
289
316
575
277
726
329
927
275
306
275
661
473
296
586
259
424
547
605
301
424
364
267
278
276
274
701
419
302
909
443
557
323
632
484
2801
287
281
292
344
277
2649
283
2647
287
285
278
642
275
509
254
273
258
2089
254
2329
1897
302
261
276
2181
275
266
281
465
1957
259
264
436
284
352
279
278
277
301
331
258
344
274
338
274
420
369
266
275
272
288
423
370
734
288
412
262
359
325
319
307
386
278
278
258
306
382
735
264
2307
2426
344
288
269
2229
276
1813
372
286
314
2130
1810
414
821
273
430
282
2520
387
397
294
282
1278
267
2496
272
271
2076
396
270
270
279
643
456
305
267
280
311
412
277
300
271
298
435
295
682
281
318
302
274
328
420
258
260
921
326
815
1017
299
263
264
308
549
263
268
319
264
264
269
624
364
275
299
269
282
403
300
273
290
283
280
279
267
400
272
292
353
273
279
282
260
268
307
883
262
351
265
267
266
301
275
275
275
282
272
418
272
598
264
1488
302
288
274
265
365
327
274
277
537
272
278
298
262
260
986
270
258
269
318
294
263
275
295
317
391
369
270
277
365
272
248
324
262
310
273
259
931
308
338
282
276
279
252
1549
1723
1869
2027
289
284
314
320
304
313
328
281
276
925
381
279
398
359
275
277
1713
280
337
262
316
322
302
420
314
321
252
270
313
278
338
272
281
326
263
275
338
283
261
315
297
313
937
283
273
274
355
379
316
269
308
292
271
264
329
298
341
290
289
265
253
280
278
286
268
296
267
273
286
340
292
292
293
278
297
281
272
351
269
289
1408
382
590
312
325
314
269
317
308
310
350
275
276
421
280
400
279
273
283
288
293
281
340
291
286
281
275
267
273
302
346
282
332
295
262
265
277
449
383
443
275
482
279
265
266
260
271
294
574
373
925
260
280
290
424
270
309
915
268
1011
273
1176
974
869
252
300
1291
294
311
254
307
308
288
437
278
334
300
297
305
372
265
413
509
317
281
281
418
642
259
283
267
602
341
355
436
320
263
281
376
314
319
419
293
314
1115
374
268
410
298
363
388
526
288
289
488
455
276
290
259
292
415
292
293
313
440
286
323
296
292
498
450
302
277
405
284
480
275
276
325
373
330
267
303
339
302
306
255
522
283
454
301
300
287
493
274
293
287
313
845
478
467
275
290
692
1011
648
273
542
307
317
322
320
484
465
281
341
355
429
311
275
286
328
273
423
307
457
327
339
260
280
281
286
475
270
282
267
285
272
298
361
386
379
431
281
275
266
280
279
277
286
302
272
470
464
458
279
328
260
284
287
275
443
459
262
326
272
318
506
324
503
265
328
444
668
432
372
333
323
360
329
466
276
504
606
359
257
276
265
523
485
288
290
300
535
283
319
284
285
296
632
310
602
255
304
299
314
660
273
271
675
293
291
299
274
312
648
651
301
281
336
279
629
331
318
283
628
628
275
310
647
274
280
262
297
671
624
278
305
273
268
289
658
305
262
590
279
619
683
277
308
713
273
290
315
283
289
636
279
283
380
270
279
275
688
272
285
681
278
729
365
664
260
661
263
273
689
267
303
311
265
292
279
288
266
308
294
271
654
676
695
309
279
307
269
473
270
275
374
296
660
276
298
283
675
316
651
346
267
270
275
265
280
647
647
278
294
283
281
288
330
270
633
262
613
603
262
259
278
260
268
287
318
275
276
609
295
269
298
270
507
619
283
276
281
581
271
321
263
273
334
593
325
279
559
635
581
275
284
283
268
394
278
557
539
351
291
792
531
280
590
319
303
591
314
667
585
535
271
310
624
592
282
281
310
274
301
658
323
271
649
256
273
596
277
691
288
275
279
641
274
619
603
269
273
614
347
277
655
255
280
649
273
678
522
272
280
613
314
686
292
296
285
300
289
270
748
282
635
590
315
266
320
564
615
597
277
276
274
271
318
257
632
268
270
246
271
580
276
651
286
579
307
275
614
259
258
372
625
565
607
680
273
311
310
271
310
279
257
273
661
280
254
267
263
289
331
299
267
533
281
324
271
265
283
265
269
278
274
557
262
322
563
267
268
479
519
268
279
283
869
323
445
479
261
282
265
387
505
272
274
521
284
267
274
264
261
275
429
275
277
506
307
309
267
278
481
483
272
299
439
489
323
289
519
280
279
302
271
428
263
283
285
282
329
326
294
515
281
462
270
274
277
273
376
290
278
275
273
290
293
420
262
462
284
264
267
269
282
482
303
273
278
508
265
274
279
268
325
449
272
272
302
462
453
270
267
283
264
276
273
287
281
303
269
459
282
295
503
267
261
504
274
692
546
272
265
477
277
292
263
495
493
294
273
290
276
492
278
262
262
299
283
316
257
276
263
288
464
278
450
543
261
369
272
354
258
282
264
306
470
264
311
277
254
300
474
294
259
259
301
456
272
258
285
271
255
405
436
488
263
271
488
258
282
310
281
270
269
308
283
294
343
272
278
390
271
267
279
276
405
364
271
325
463
246
303
255
437
276
315
314
281
290
263
294
254
392
476
282
267
431
260
268
278
277
420
263
290
313
509
519
263
379
259
296
315
279
399
284
472
437
257
271
265
273
323
318
265
289
281
288
275
427
286
268
370
271
417
270
294
400
257
398
259
285
302
441
282
285
277
280
256
275
272
402
328
443
263
326
449
272
293
455
387
558
272
268
373
271
271
385
305
378
269
264
260
439
385
268
422
297
273
284
280
278
280
276
297
255
271
267
268
267
308
260
262
276
282
314
287
278
494
490
511
287
258
299
266
470
500
268
274
313
462
280
284
274
268
269
530
315
503
555
265
273
489
271
286
247
274
299
516
290
288
505
301
289
292
273
275
500
299
512
285
277
502
282
496
281
270
279
298
485
331
284
297
304
300
501
274
295
288
292
286
433
327
288
429
277
280
273
286
286
290
292
488
285
283
275
284
309
287
317
289
387
316
276
453
420
336
333
454
289
275
408
288
270
301
291
290
292
288
492
293
291
379
263
300
272
266
260
277
430
304
273
264
284
283
286
272
267
298
298
269
311
294
262
309
306
423
275
264
259
279
272
269
264
356
259
353
274
309
274
282
302
280
267
266
305
294
278
262
277
417
282
301
272
288
257
309
269
269
313
279
282
317
398
297
348
267
328
308
269
288
264
305
276
311
319
522
310
278
272
273
259
263
284
276
336
240
319
284
298
311
334
384
277
269
276
370
309
287
273
261
294
325
341
280
285
325
948
737
263
742
341
740
374
269
375
274
261
271
354
271
256
260
263
293
395
268
282
299
283
377
372
266
461
275
438
291
269
321
279
283
276
262
270
407
281
1310
282
277
252
270
335
272
263
277
311
268
274
299
274
269
283
277
302
311
271
396
367
351
271
324
320
270
280
281
270
253
301
273
280
290
529
252
290
328
283
267
286
355
262
276
329
307
268
276
256
262
273
266
286
268
280
278
447
451
273
362
325
262
309
275
276
271
1274
261
363
261
277
277
436
260
324
283
271
279
250
260
290
290
271
289
272
280
271
320
320
317
253
336
290
283
256
274
262
288
300
279
319
308
258
332
302
284
286
320
312
265
287
462
284
261
327
352
276
313
261
294
891
273
272
299
295
303
281
269
275
272
417
345
310
265
264
262
275
264
263
265
309
266
349
304
267
279
352
267
264
280
269
273
260
283
268
283
259
291
285
278
327
267
340
275
268
279
316
305
270
281
302
265
284
338
268
282
301
270
258
262
274
285
325
277
277
263
279
307
272
279
268
256
287
274
282
278
301
283
295
264
286
304
258
271
271
279
275
342
267
278
276
345
309
273
261
253
349
264
267
271
276
261
379
408
393
268
315
265
288
292
298
274
1193
290
271
275
289
287
289
291
277
276
287
284
264
259
274
293
269
317
288
326
271
267
284
271
274
281
336
326
355
276
285
287
312
262
348
1022
272
275
279
274
278
280
265
271
255
264
275
342
268
289
268
840
276
263
275
274
284
286
285
286
301
270
271
304
267
330
291
266
268
277
277
270
274
308
267
280
275
280
285
271
275
264
321
276
261
270
302
264
281
275
270
284
263
312
285
261
291
307
273
276
361
279
273
280
283
282
275
311
319
273
265
262
278
263
285
280
270
483
309
284
287
311
298
315
250
275
279
292
308
310
269
251
272
293
279
279
284
289
268
276
329
268
275
293
309
281
280
280
262
304
270
281
285
314
301
270
277
309
288
269
268
364
324
796
271
271
271
277
291
274
275
276
340
283
313
275
268
282
260
284
273
280
273
283
260
289
271
304
339
271
267
285
254
273
297
307
318
286
291
298
265
268
276
275
265
296
362
270
303
340
270
311
289
277
266
296
297
282
273
274
325
283
273
326
298
275
262
311
281
305
291
278
277
270
279
275
265
286
318
288
276
1018
265
1006
274
545
269
541
267
262
265
290
255
277
279
257
277
268
264
269
308
281
263
270
342
282
284
287
313
275
329
284
282
303
280
274
278
262
324
279
310
294
280
281
278
279
299
290
293
269
300
277
288
1017
260
269
268
278
267
271
303
284
278
348
261
274
313
261
274
303
289
313
265
287
262
303
256
268
324
265
267
306
293
391
262
273
271
273
273
283
278
270
279
267
277
281
274
260
262
275
268
268
281
323
283
262
285
267
278
267
262
299
293
264
737
261
266
271
275
278
263
270
270
331
270
278
273
272
310
263
1031
259
277
710
292
274
254
280
280
296
269
318
369
335
304
277
273
257
262
271
270
255
296
271
318
278
266
260
272
267
270
264
343
257
292
520
257
247
265
249
260
306
261
268
273
286
281
280
311
938
266
947
263
274
1012
998
299
264
314
254
305
266
280
261
276
269
285
274
272
260
271
278
277
1004
270
272
290
275
307
271
283
288
260
274
280
262
275
271
279
327
427
263
308
314
280
279
294
286
279
273
269
923
274
317
273
272
320
269
280
322
272
301
1150
311
277
1515
273
268
306
273
364
263
261
283
267
1667
280
253
295
335
273
279
273
302
278
308
298
292
274
298
286
341
279
289
317
333
564
260
276
319
316
290
269
264
263
281
299
267
251
286
280
265
288
268
267
279
324
271
277
308
288
347
373
447
265
372
258
392
272
318
264
298
278
284
264
266
286
265
299
289
291
288
278
278
319
306
285
296
288
284
277
288
314
290
638
297
274
267
268
273
275
285
255
272
279
268
278
262
288
258
270
287
276
314
318
284
302
293
316
314
282
290
371
290
624
277
292
280
292
274
617
335
289
280
280
276
275
275
313
335
302
270
296
292
306
347
277
324
276
276
269
280
287
258
285
277
265
276
271
312
275
276
317
276
276
283
298
343
280
272
268
296
289
268
265
501
322
312
266
288
325
270
364
298
292
287
315
260
271
278
256
265
321
265
266
272
291
265
264
334
279
293
278
279
272
270
345
262
290
592
294
280
288
500
409
271
261
262
281
348
320
267
305
305
268
271
329
276
279
265
1360
316
266
331
338
256
302
296
299
450
291
296
302
294
330
310
288
275
276
282
272
276
269
325
331
266
295
286
264
259
283
268
279
277
275
265
278
299
264
277
260
309
277
288
329
296
314
281
297
271
276
286
264
329
276
273
282
280
306
272
277
312
305
272
264
566
463
269
264
355
319
283
278
278
276
294
269
267
261
266
266
254
301
351
278
291
267
288
286
299
246
278
271
299
282
296
279
341
282
276
464
274
364
299
257
291
284
279
286
282
307
276
276
301
275
317
263
273
1113
257
326
303
288
271
278
283
252
266
273
275
312
275
272
274
316
260
271
279
257
284
265
275
330
288
298
275
283
324
267
282
257
261
281
266
325
276
280
283
267
267
318
267
327
264
275
300
319
274
284
276
273
300
317
287
276
273
279
283
306
263
273
287
276
268
286
252
289
300
264
257
1017
312
262
323
297
294
299
341
854
358
304
279
297
288
264
296
303
313
267
273
259
274
315
306
304
270
297
253
267
259
320
269
327
272
312
310
281
269
271
285
266
249
278
286
268
306
288
363
260
254
275
321
326
271
352
296
290
258
364
278
268
329
401
394
284
290
271
328
291
342
299
268
321
359
362
263
286
283
271
771
269
315
275
260
277
280
266
311
282
321
280
284
329
361
304
334
256
345
281
306
298
278
261
266
344
283
291
322
263
261
268
307
286
444
352
296
298
282
302
312
290
287
268
424
273
426
368
425
286
342
286
281
339
263
264
376
261
393
266
264
303
353
337
271
307
317
406
313
289
268
262
286
311
275
284
322
298
301
328
256
312
262
377
259
414
359
267
273
273
342
270
253
273
279
325
263
635
312
630
266
322
652
266
281
277
264
396
282
361
275
282
276
267
317
324
274
298
310
326
278
266
273
291
295
299
268
300
365
267
369
288
280
274
280
312
308
271
312
265
269
372
286
357
277
251
284
264
327
408
265
281
380
272
259
255
281
293
292
288
280
288
269
274
328
271
270
353
281
270
308
365
261
269
276
271
306
322
278
332
276
367
287
343
260
306
280
287
266
286
280
340
276
269
256
306
263
274
325
278
284
288
277
364
289
308
277
287
267
281
312
273
255
271
285
269
254
307
268
269
271
291
339
273
266
298
290
278
269
312
840
276
284
293
274
259
309
276
304
286
263
278
295
273
270
271
281
272
264
275
269
307
306
290
288
316
272
308
273
272
335
298
328
295
280
313
296
286
275
272
278
326
347
274
266
272
278
282
264
294
291
287
321
508
279
278
275
258
299
276
269
254
291
266
316
254
325
281
285
265
364
280
277
299
292
349
262
260
283
296
266
263
269
310
273
313
272
331
395
286
304
275
267
280
318
275
272
271
329
264
260
278
284
273
271
259
263
271
275
286
282
257
246
308
282
272
322
268
263
274
269
272
305
278
267
283
261
274
270
273
257
275
297
320
266
272
283
274
270
304
287
259
338
269
277
277
332
324
307
297
255
272
373
282
278
278
315
261
317
271
263
278
269
330
303
346
272
271
302
274
269
285
265
321
329
286
339
287
270
408
265
289
275
343
270
276
292
272
290
314
270
286
266
318
492
266
272
283
262
269
290
287
263
276
287
271
266
297
287
334
258
284
278
271
399
302
308
265
293
331
325
357
308
374
340
339
362
341
379
324
326
364
323
319
315
310
297
339
311
325
323
340
307
302
302
360
324
300
296
293
294
300
295
297
312
326
281
275
333
363
293
306
295
314
320
271
279
275
292
292
357
392
336
296
296
338
393
356
420
276
277
420
286
283
388
361
324
324
386
344
529
420
321
363
437
330
300
386
342
377
343
329
328
317
348
341
341
349
376
348
321
314
295
296
277
286
282
318
268
285
283
279
307
261
293
314
287
291
288
319
284
282
311
281
270
360
307
305
300
289
295
306
289
270
369
294
298
317
371
290
302
330
308
279
273
322
264
270
331
331
311
276
346
285
283
285
295
298
370
277
263
259
279
270
321
262
283
325
267
294
295
264
269
287
290
263
266
308
351
272
248
276
315
271
291
278
334
262
267
271
297
291
267
260
261
281
275
283
306
291
287
295
287
286
291
333
266
271
314
282
275
281
297
328
310
312
283
293
278
272
261
266
320
297
302
280
306
280
272
286
306
308
318
258
280
262
325
386
331
271
283
310
278
287
260
263
278
368
284
279
273
302
282
279
318
285
267
288
321
294
361
259
267
271
271
280
276
266
324
268
267
311
267
263
256
261
275
380
334
292
370
379
278
277
259
296
275
373
257
264
271
263
276
269
282
263
334
269
285
281
388
281
306
261
302
253
302
319
333
262
348
312
352
277
272
266
280
273
273
271
267
302
288
351
280
271
275
270
261
270
278
272
336
277
272
259
286
341
330
292
332
273
316
318
264
308
290
291
286
258
259
334
265
316
289
301
271
260
310
327
354
294
300
282
287
277
273
253
280
295
276
275
334
268
258
282
307
277
272
296
294
289
263
320
312
298
302
289
273
325
274
267
263
266
296
259
312
315
278
264
271
275
283
281
292
264
300
265
262
296
262
281
287
265
285
345
311
326
326
325
254
313
312
308
351
302
331
282
277
295
288
309
291
276
280
283
349
320
264
265
275
257
322
274
275
277
369
267
260
283
320
286
266
271
274
263
324
296
265
255
267
310
319
282
298
269
274
292
275
269
373
276
305
326
340
304
261
338
284
289
276
269
278
274
315
283
312
275
270
282
260
265
338
299
307
279
343
296
258
282
277
275
544
258
332
311
280
289
317
263
283
278
510
263
271
267
305
317
292
277
308
279
329
278
280
323
287
277
376
378
283
318
271
368
269
271
287
268
287
277
281
258
278
281
269
269
273
283
265
292
319
262
266
270
255
294
285
345
294
290
310
268
279
514
264
326
268
351
305
306
289
272
288
270
289
353
281
272
277
368
325
280
275
303
262
288
287
296
272
265
298
258
267
278
294
299
288
291
270
276
275
300
305
278
311
292
278
258
293
288
278
263
288
328
280
276
269
273
365
299
293
278
269
276
274
267
268
282
311
280
291
265
271
284
268
270
295
346
313
282
264
273
278
293
348
265
283
281
454
274
296
294
280
294
322
284
305
297
272
282
279
261
271
284
328
287
276
283
300
275
300
278
264
278
274
271
264
294
289
269
317
277
282
263
304
268
288
416
275
296
300
278
302
273
317
284
265
311
269
274
269
334
278
282
295
318
288
297
262
271
273
274
289
288
317
283
277
337
283
297
308
272
261
302
319
284
276
259
317
278
268
284
318
284
329
268
265
293
262
342
346
313
279
275
285
293
286
278
286
266
273
261
293
271
321
275
300
275
342
279
306
276
275
272
328
286
287
268
272
271
285
303
277
295
282
276
281
273
264
285
319
275
288
289
282
318
289
290
324
275
291
304
267
308
307
270
318
270
294
276
319
284
285
280
308
309
381
363
289
309
287
289
263
275
280
295
261
325
274
350
299
297
291
295
270
276
269
278
289
288
267
330
259
322
308
274
290
291
286
358
291
303
329
316
358
272
304
291
286
274
263
287
273
322
274
288
253
280
293
280
272
302
322
255
700
281
273
262
262
265
264
280
284
283
272
274
300
306
270
290
292
290
300
287
269
319
285
261
272
271
277
296
375
266
384
259
268
349
315
287
284
274
363
276
260
290
337
294
289
314
274
365
302
317
309
322
289
288
352
321
298
294
294
282
302
300
294
288
324
277
440
301
260
258
270
289
251
284
312
283
340
272
259
262
276
291
287
273
271
277
283
297
273
252
292
322
330
291
276
278
300
311
298
286
289
288
257
280
294
293
271
355
291
277
334
281
292
291
328
275
346
297
275
276
337
275
283
280
280
265
294
272
308
279
294
298
302
265
342
305
248
320
267
272
281
285
275
272
310
289
302
295
260
293
446
290
267
274
300
276
286
301
276
343
274
287
276
293
293
291
282
292
321
298
269
270
336
281
298
299
259
264
264
300
273
356
327
283
281
266
274
302
286
271
324
273
264
273
301
254
283
324
270
263
274
283
382
340
259
271
273
288
286
287
271
261
321
299
264
289
289
289
293
299
306
297
352
294
271
310
319
281
282
274
274
264
299
283
285
277
320
315
281
277
317
282
277
278
271
282
284
269
301
265
402
351
346
301
301
315
313
272
273
325
317
309
460
381
319
299
305
304
320
309
343
378
288
283
330
317
322
367
341
313
282
338
294
349
332
282
385
316
328
311
272
295
352
294
382
287
298
298
290
280
290
284
314
281
314
283
268
331
282
273
320
338
276
314
355
275
288
273
305
267
267
287
319
343
284
299
324
274
279
285
282
305
323
348
286
273
283
282
277
275
286
323
269
291
324
269
289
311
307
286
322
279
279
289
437
267
274
250
316
288
301
320
292
280
270
272
289
266
294
327
285
272
258
277
287
291
256
275
262
277
262
278
259
275
281
298
285
301
279
463
279
270
280
292
314
308
298
280
320
287
281
308
277
286
273
331
277
285
275
260
273
283
262
262
263
306
284
264
281
290
288
286
260
253
350
312
288
269
283
276
299
318
271
294
269
266
284
289
355
276
283
302
262
293
288
286
279
290
306
654
287
343
277
302
274
275
275
310
258
303
271
275
294
271
313
286
268
265
284
286
276
301
323
277
271
318
439
283
267
279
278
262
268
277
318
280
277
317
302
267
282
268
306
309
301
261
288
323
269
352
283
303
279
278
347
316
273
286
282
279
274
275
269
282
283
288
273
288
328
300
267
277
297
267
318
318
365
296
252
278
305
330
258
278
337
266
301
317
273
386
302
293
291
270
290
275
273
323
314
287
287
276
319
331
275
304
273
284
272
269
269
286
266
275
278
334
275
276
333
317
327
275
332
290
274
288
283
269
273
279
264
286
264
316
307
294
323
330
296
275
269
268
305
270
321
261
294
297
298
284
308
330
280
275
272
287
256
271
279
263
287
280
269
278
261
259
327
283
274
301
280
263
285
271
287
269
273
266
262
257
280
274
255
279
402
323
262
260
288
268
285
282
324
277
283
275
287
272
321
299
282
259
256
270
279
274
281
279
283
288
312
275
266
269
312
271
277
273
270
337
387
235
249
269
290
258
297
272
292
276
270
278
273
266
271
263
274
246
291
260
279
277
275
276
264
289
287
321
267
270
289
283
308
263
291
274
261
263
320
293
320
969
881
272
298
283
278
264
271
323
349
275
284
271
251
266
278
306
285
289
272
292
1139
266
310
278
274
330
264
266
260
273
265
275
277
329
281
265
274
269
269
268
265
271
260
260
336
265
351
270
343
294
267
274
270
270
265
294
275
296
294
287
291
261
292
279
277
279
325
268
286
319
266
257
267
384
279
267
263
369
272
349
279
276
266
288
285
340
278
292
275
271
275
284
264
274
332
294
279
269
278
287
286
272
274
283
266
316
279
259
277
264
295
277
283
283
375
319
290
284
268
325
288
255
269
270
272
278
338
271
284
289
280
287
275
279
286
283
293
291
291
282
341
269
298
294
293
323
280
280
302
280
295
296
328
293
295
305
268
301
304
292
283
282
303
283
278
303
279
298
326
300
278
284
302
309
335
270
281
300
640
276
294
252
277
273
310
287
286
282
772
321
280
267
283
281
275
292
311
284
282
299
264
297
262
269
307
272
314
276
289
331
267
278
283
265
261
278
264
278
269
275
312
283
278
273
268
274
262
334
275
271
266
272
279
285
287
277
268
266
253
281
276
303
260
275
271
316
273
324
266
266
307
271
270
285
270
273
274
277
269
328
337
266
274
269
282
268
268
281
320
263
300
297
280
274
318
262
322
827
274
285
270
315
276
278
301
285
276
267
286
278
280
273
395
310
261
272
272
264
265
274
262
251
278
254
309
270
267
280
262
256
262
294
300
272
380
273
294
292
269
290
291
260
282
294
272
272
308
314
257
270
274
316
311
278
267
265
273
345
324
276
274
292
265
306
275
339
348
276
264
284
288
261
283
333
275
312
250
262
260
309
277
353
327
294
279
246
271
316
282
261
259
311
265
345
270
274
284
273
325
284
495
272
282
348
274
287
263
257
283
267
260
289
279
278
270
273
288
317
347
306
261
279
278
307
266
281
304
294
266
281
286
280
292
273
271
259
295
324
281
323
308
262
267
299
296
338
304
290
461
288
295
283
286
281
324
266
284
288
279
315
293
293
295
265
291
287
294
294
277
288
288
294
275
290
261
283
297
290
301
295
286
269
273
302
274
312
272
318
296
325
281
290
294
298
323
278
277
273
282
273
289
282
282
303
286
280
276
345
337
296
287
311
363
286
303
306
306
294
331
359
304
276
319
292
292
329
299
353
324
320
296
323
314
293
450
362
297
296
282
285
295
280
288
317
278
275
270
320
290
264
289
286
292
296
318
300
279
290
378
289
305
283
301
285
275
261
275
296
317
287
372
278
293
319
275
267
298
290
290
278
278
286
323
259
275
287
289
333
257
268
283
296
286
266
285
299
336
290
289
266
336
287
277
303
280
335
277
279
278
271
287
288
317
289
270
273
276
279
275
299
269
350
264
270
252
255
290
285
308
281
262
309
274
271
298
282
273
269
261
272
288
318
268
277
294
341
285
274
327
286
334
294
273
272
288
283
277
274
284
294
272
274
291
260
291
652
297
295
288
284
312
277
284
343
298
317
284
296
293
310
279
295
271
304
336
275
314
329
290
291
292
287
269
310
711
270
277
271
293
311
288
313
338
282
321
274
312
271
279
276
291
288
279
291
341
287
283
286
285
290
279
273
303
331
282
301
298
281
291
279
262
283
291
276
281
283
266
275
273
262
269
272
290
287
308
332
307
339
289
264
280
277
298
286
286
267
294
264
277
272
294
277
277
271
282
283
277
271
317
274
277
308
314
286
265
343
318
277
276
272
297
285
290
278
286
275
327
263
272
280
266
313
262
268
325
264
264
275
283
274
271
274
265
253
271
276
311
267
263
272
296
298
316
295
268
287
272
306
302
269
267
250
274
295
318
342
299
268
276
278
290
291
288
275
295
284
293
282
290
299
350
276
296
288
322
282
375
300
291
310
328
296
304
258
276
280
283
277
275
269
283
268
273
263
291
275
262
269
276
263
277
270
277
306
271
287
293
264
272
270
272
337
286
288
270
307
292
263
306
317
257
282
273
309
282
291
313
267
287
285
269
278
303
259
289
263
266
285
327
281
345
268
331
255
278
273
288
266
332
283
275
288
283
278
318
264
266
265
275
275
286
313
259
270
260
304
282
269
367
317
282
270
289
267
268
268
283
298
281
318
258
271
285
322
332
283
281
287
272
307
279
271
261
273
284
270
332
310
284
302
283
267
707
290
278
684
270
313
269
268
257
262
269
266
345
265
260
288
274
274
283
333
277
266
265
292
295
267
290
293
264
265
272
296
274
315
255
262
278
271
271
316
336
287
263
336
259
260
268
271
312
321
376
284
270
276
280
254
322
321
301
306
259
282
296
262
275
328
269
269
258
300
269
284
284
285
281
280
264
292
279
302
266
296
256
266
334
306
266
330
271
271
276
309
284
271
269
257
293
298
258
283
298
281
263
274
317
275
285
281
271
257
266
264
278
324
315
295
287
265
269
263
303
272
273
270
267
278
266
285
274
274
266
281
268
341
264
320
257
297
308
285
287
262
269
268
273
258
268
340
271
406
268
282
279
291
278
294
304
278
280
284
249
268
299
297
284
278
314
284
270
257
263
370
304
311
367
264
301
264
426
306
266
346
279
273
267
274
271
300
305
292
305
297
289
299
274
261
270
260
270
282
284
302
262
319
312
279
335
270
267
305
281
319
264
303
290
287
292
291
270
316
325
290
275
286
280
301
279
289
278
271
273
265
322
299
329
524
311
270
320
285
272
295
285
312
286
293
283
268
284
270
259
288
265
286
280
280
263
261
294
302
266
282
265
270
264
292
296
264
266
263
312
278
329
289
289
262
269
258
269
291
275
279
281
265
273
263
277
257
416
270
323
311
271
272
265
263
280
289
284
267
279
273
267
330
278
285
269
290
276
294
279
265
279
282
282
289
281
266
272
268
267
300
260
328
262
281
326
270
295
281
289
302
274
280
336
271
268
278
290
279
276
278
306
274
295
268
264
274
310
286
270
299
267
277
301
303
328
253
320
260
302
274
280
296
293
255
283
262
321
286
282
281
272
272
287
328
288
258
261
271
267
280
271
264
283
286
264
274
289
274
273
257
263
261
301
280
307
266
280
279
264
310
266
328
275
269
273
269
256
272
266
287
339
261
304
294
319
281
279
279
274
257
273
283
257
345
278
309
269
259
276
285
281
319
284
266
259
280
293
287
282
284
273
271
308
272
275
302
267
312
264
293
296
286
274
291
293
290
278
278
269
273
324
293
269
282
268
298
258
270
259
291
285
285
267
275
314
263
268
295
323
312
350
285
270
255
286
264
286
269
278
292
271
779
257
264
272
302
301
271
279
269
306
277
279
305
268
311
279
269
265
273
329
277
276
264
290
296
293
285
296
277
292
290
281
269
277
258
273
259
278
299
267
265
285
264
261
270
282
333
307
636
275
289
281
275
287
266
284
263
272
270
316
286
306
284
267
344
261
276
294
284
284
285
271
284
277
281
288
322
268
261
314
285
258
288
267
280
262
278
273
287
274
274
333
260
254
284
318
321
289
326
574
288
289
273
285
332
273
295
336
289
284
270
328
294
289
270
282
287
279
282
334
305
330
277
266
282
289
328
266
327
270
271
281
266
279
277
278
301
276
294
290
279
258
336
271
280
316
314
279
277
307
270
264
281
303
282
279
296
330
288
300
259
325
280
254
305
276
266
309
266
277
268
272
280
260
276
274
283
281
278
277
308
274
273
269
308
297
259
273
326
276
284
263
282
256
308
268
260
308
340
301
273
297
296
297
275
279
276
276
294
275
331
281
324
263
282
274
263
275
265
323
264
267
282
268
290
315
297
279
278
312
271
282
284
279
280
332
277
290
270
265
258
262
341
271
291
289
277
331
274
282
390
283
281
290
311
317
269
299
282
271
319
310
311
332
304
330
313
264
287
302
325
298
285
333
283
301
281
277
303
274
338
358
309
274
310
288
314
272
294
290
280
283
277
318
297
324
268
267
287
271
310
276
277
270
271
277
268
278
277
307
279
260
306
272
267
269
282
268
266
278
302
262
282
306
291
273
300
287
334
344
264
265
258
314
310
272
314
351
345
308
282
274
272
273
313
296
264
321
296
284
276
312
288
296
266
275
276
271
293
267
266
364
293
266
311
267
307
284
319
270
273
297
286
361
354
270
312
283
271
271
271
270
254
269
503
315
284
289
281
251
279
289
284
308
321
326
260
273
290
288
310
301
298
281
294
290
279
263
280
275
280
292
300
286
266
265
269
300
267
315
260
259
288
289
265
257
282
264
269
282
310
313
260
353
258
293
408
288
294
293
308
280
279
275
271
331
265
267
309
309
277
274
299
281
279
266
278
283
288
259
302
266
267
281
280
266
268
289
259
312
306
270
318
275
304
287
289
279
271
279
328
306
258
274
253
299
268
296
305
285
249
276
283
342
349
348
359
276
251
331
305
302
313
289
303
281
274
286
291
277
265
284
268
277
284
331
357
265
270
326
315
313
268
262
311
312
300
340
289
279
293
272
272
333
308
269
273
267
281
295
290
270
261
283
284
260
273
410
281
292
277
318
272
268
312
316
315
335
260
271
268
263
261
258
257
271
282
294
262
275
282
284
311
291
272
273
286
316
272
294
282
307
279
273
320
357
251
257
297
270
305
280
277
267
289
297
282
341
311
276
327
324
283
329
296
298
340
290
290
277
289
326
268
296
278
319
287
268
313
268
320
294
296
282
308
293
324
275
303
286
289
265
283
272
289
285
267
267
327
265
317
260
283
261
314
292
286
291
282
294
257
262
271
311
264
277
270
269
269
269
262
270
316
305
292
485
279
277
275
277
273
305
324
269
341
264
294
288
267
341
319
278
307
350
280
313
261
316
280
322
262
258
288
279
298
286
280
273
280
274
273
349
354
665
269
273
298
305
321
265
255
325
314
301
303
308
268
268
272
306
315
290
333
291
333
273
304
271
286
273
273
310
370
285
362
291
271
272
302
274
419
297
289
355
282
257
331
317
314
263
274
313
307
265
294
276
362
313
263
271
290
270
293
293
285
261
282
296
326
283
373
300
435
302
279
282
299
306
283
296
286
328
284
266
552
288
268
434
312
267
330
323
285
297
313
280
298
269
280
293
291
284
323
280
319
273
298
290
318
631
266
266
317
301
283
329
272
316
332
339
264
352
320
347
276
282
331
331
304
319
314
335
312
307
279
295
325
351
286
319
294
284
353
271
281
281
281
284
279
285
375
295
286
306
293
273
313
304
320
304
280
256
290
308
287
296
300
284
279
287
271
328
325
290
332
255
287
281
314
304
267
297
275
317
336
293
293
274
298
334
302
266
275
299
340
269
317
312
281
274
311
304
266
266
279
324
306
290
329
270
324
295
292
275
287
275
278
313
300
316
286
302
279
292
333
280
310
296
305
309
304
306
391
281
354
341
282
284
315
276
277
316
270
256
366
302
328
294
309
267
319
333
338
297
293
285
295
311
296
310
295
320
327
266
280
292
273
296
275
317
272
297
271
310
290
311
297
327
341
263
279
281
278
289
298
301
274
282
296
301
277
275
310
313
292
283
279
310
306
344
274
284
306
300
278
273
282
357
276
305
331
300
276
295
281
265
263
356
273
270
265
251
270
291
314
257
308
267
320
293
313
274
272
299
283
387
299
278
347
285
272
424
271
283
267
304
268
278
261
313
261
289
296
311
271
276
269
282
269
270
307
320
280
354
314
530
278
271
286
324
312
311
303
301
269
295
265
281
259
350
279
272
282
269
325
261
303
277
324
271
276
272
290
346
270
270
269
262
268
289
276
343
271
267
302
264
268
277
295
270
260
318
274
300
297
274
306
282
274
252
266
336
265
282
276
273
307
310
271
327
421
267
293
268
306
307
283
268
266
275
322
275
266
254
325
278
306
380
283
250
483
296
316
278
264
263
310
331
327
274
316
259
320
294
292
284
315
398
564
308
282
277
273
299
343
322
347
281
272
278
278
315
275
307
277
351
311
268
271
292
264
356
313
274
291
276
305
337
275
302
256
281
297
286
261
275
296
266
322
279
279
280
262
284
322
278
467
283
467
277
291
263
272
277
288
262
274
267
321
297
337
329
292
316
294
285
285
298
275
279
290
287
282
343
278
348
307
291
293
311
300
287
280
302
308
283
317
313
273
299
312
277
298
298
292
284
356
287
272
362
270
266
258
276
286
266
282
305
293
289
311
291
329
316
310
262
263
347
282
309
264
304
288
301
286
295
309
309
277
301
374
315
282
325
335
331
315
277
300
327
307
278
266
294
381
269
295
310
297
325
305
315
286
265
268
267
412
272
271
270
306
269
305
263
295
293
289
286
289
284
281
296
253
309
263
267
268
335
279
292
316
278
319
283
280
330
267
280
285
265
284
280
313
326
271
272
267
275
287
293
284
264
260
262
312
279
376
296
283
261
282
321
277
299
332
266
345
289
254
290
282
258
288
260
306
351
321
249
296
271
350
267
265
273
337
287
301
357
642
307
305
258
288
313
274
294
315
324
290
326
317
317
277
282
295
285
280
309
270
303
296
267
276
297
328
283
305
257
262
306
306
295
336
296
331
313
283
319
273
284
270
274
281
323
299
296
310
321
325
283
315
272
333
307
314
289
266
282
280
319
317
285
309
296
304
266
299
260
310
310
285
316
297
309
313
277
347
305
285
280
309
292
310
329
253
273
316
279
286
274
279
287
319
268
299
315
298
271
269
326
267
274
248
280
319
268
337
298
324
278
274
267
283
293
310
274
370
350
292
420
259
299
268
301
263
270
296
263
345
272
272
268
296
307
267
280
314
274
327
382
261
272
304
307
308
272
269
304
310
270
317
300
281
286
277
270
271
266
261
282
314
310
265
265
281
331
313
256
366
268
317
280
292
298
284
317
281
360
288
277
288
312
267
260
292
254
268
266
275
310
270
275
359
308
403
265
352
254
311
347
293
281
272
291
706
407
288
695
315
281
277
259
338
265
299
316
296
255
298
263
392
291
296
313
278
314
256
274
339
279
272
270
270
271
268
280
300
289
320
289
278
257
265
332
282
280
278
306
330
256
285
275
405
256
328
258
268
291
303
281
281
263
268
302
304
322
301
263
263
314
324
310
314
282
285
285
280
278
281
293
285
286
341
320
258
286
261
320
270
275
310
324
262
287
271
268
278
277
321
295
334
285
282
259
318
356
307
269
429
296
441
450
297
307
296
320
309
407
278
269
252
288
432
280
285
284
302
285
277
265
334
272
322
292
287
269
291
276
283
278
277
285
265
276
