Response received
277
314
588
333
342
361
332
405
282
403
353
262
556
300
264
273
626
272
348
274
442
713
394
291
276
287
265
265
368
304
276
269
763
273
281
329
360
269
352
356
309
299
273
257
271
265
293
393
286
263
272
302
662
373
278
348
318
294
260
275
395
612
298
277
320
380
364
254
273
289
428
299
269
411
298
355
269
291
291
380
309
320
261
269
266
478
409
469
314
431
288
312
435
302
412
269
277
281
286
608
305
375
279
318
280
351
273
387
302
276
293
276
295
271
292
473
275
858
271
327
263
274
285
267
264
292
264
297
981
314
270
271
491
274
302
275
372
274
269
305
950
330
269
306
1125
285
303
277
284
473
277
279
264
281
276
359
1214
508
282
307
276
287
337
380
343
464
273
271
291
314
260
250
448
348
272
266
281
309
263
383
1376
263
265
269
982
426
307
363
270
277
266
264
265
278
270
274
269
346
271
302
283
271
297
265
421
277
286
322
327
263
249
327
309
290
317
268
256
270
294
256
305
424
262
289
269
1400
276
263
276
288
282
275
307
299
275
276
271
269
263
420
320
291
269
268
274
262
281
268
366
365
290
268
264
1390
318
275
313
278
285
332
277
269
268
297
276
316
476
274
259
261
262
272
306
276
352
243
265
368
271
289
262
259
267
294
288
262
803
277
370
320
318
271
306
1217
281
284
286
262
806
353
333
280
294
801
1218
266
283
272
417
314
860
315
265
263
289
262
275
284
945
293
420
330
322
998
341
355
279
262
265
288
344
275
275
299
338
334
284
284
288
382
271
944
270
295
398
296
280
294
279
272
280
266
283
269
284
385
282
279
309
350
389
277
388
337
301
396
273
300
388
376
290
406
271
270
278
415
301
325
268
341
400
340
308
306
270
274
346
270
379
341
267
365
287
419
285
292
317
308
282
355
278
261
321
303
358
358
332
279
287
368
413
276
343
364
409
1059
284
267
387
380
463
274
380
302
275
286
281
308
253
445
378
293
315
292
278
280
285
301
276
392
279
450
281
327
538
711
295
501
303
273
278
260
272
450
317
292
278
267
451
1015
319
297
293
277
617
457
299
289
263
275
267
281
277
453
285
376
286
283
290
472
271
278
417
464
399
296
263
349
282
478
471
351
484
288
273
336
513
627
282
270
290
285
276
279
277
358
363
318
426
469
513
670
697
265
497
271
264
533
266
326
503
266
284
315
506
840
261
257
332
270
277
295
272
267
412
278
302
425
375
263
423
292
267
560
270
801
504
286
269
569
265
297
268
267
342
361
627
285
315
544
276
512
564
327
638
283
617
271
616
638
558
296
282
278
602
263
572
292
639
358
274
609
299
659
346
362
488
480
632
272
292
605
607
279
264
280
334
271
648
344
332
272
264
280
317
321
595
275
629
366
364
301
271
664
463
275
710
275
609
428
276
285
277
668
276
275
288
713
675
609
278
690
292
281
610
270
702
271
669
403
329
281
273
280
281
272
338
766
718
287
266
265
330
753
860
267
277
435
304
772
310
266
331
274
333
678
330
272
277
667
280
720
311
290
276
269
270
310
275
329
276
259
658
265
269
403
636
281
281
258
873
272
264
280
447
280
683
324
270
270
573
265
268
637
275
633
323
282
276
270
274
274
257
256
265
263
275
303
580
274
274
348
306
267
291
266
530
557
272
326
268
290
657
281
280
283
293
313
265
274
266
379
588
278
282
299
284
646
275
328
280
291
316
295
619
317
276
467
276
597
268
649
647
274
263
274
309
567
643
793
302
279
276
655
330
285
272
273
328
278
283
325
287
283
264
286
331
348
273
595
326
269
264
624
267
283
265
276
273
288
283
284
275
300
269
271
281
276
270
257
657
312
265
282
280
614
282
266
269
571
572
614
291
285
285
270
267
271
274
270
269
273
275
265
299
286
266
279
266
611
280
598
282
653
260
666
654
276
598
266
256
265
276
271
281
272
263
259
267
267
262
262
303
364
259
308
275
274
270
261
255
267
267
500
326
270
312
276
265
263
283
270
311
271
263
269
531
283
253
273
276
288
276
316
542
276
381
277
272
280
492
258
301
280
262
254
275
274
274
279
279
282
301
471
257
515
442
347
350
265
271
244
278
519
487
272
268
457
255
290
309
276
283
295
283
274
458
270
425
289
279
485
288
276
271
473
439
280
266
318
535
576
732
278
519
450
274
262
302
265
264
275
270
284
266
275
266
502
270
265
490
277
268
278
533
467
269
299
260
453
358
272
263
299
282
479
254
263
302
304
269
561
268
290
299
277
272
466
485
290
584
254
288
285
463
302
278
313
342
267
325
327
304
504
266
282
475
282
279
444
274
295
486
314
270
254
295
466
279
301
318
338
300
270
265
266
268
283
424
286
437
275
287
272
275
286
270
271
276
290
260
379
291
296
323
277
455
258
293
304
292
263
375
419
268
489
301
422
265
387
287
275
447
415
265
265
423
269
282
283
414
452
271
487
281
590
317
271
316
277
270
384
433
265
277
292
263
263
271
267
387
268
255
281
398
270
288
250
271
265
258
416
419
502
332
432
273
269
447
282
390
412
361
497
274
408
336
476
983
278
423
298
296
271
268
272
426
276
319
272
294
288
274
266
260
262
462
274
291
433
280
286
280
282
321
309
258
273
317
282
381
470
269
511
264
269
271
271
263
406
458
258
272
273
516
416
273
273
283
286
426
285
285
277
277
289
274
307
461
305
255
295
409
260
434
264
448
277
310
254
270
270
278
440
284
265
505
276
326
252
278
268
322
288
277
299
288
470
320
277
323
282
316
555
547
269
272
468
536
262
266
264
579
348
286
513
272
276
303
326
522
296
322
282
314
297
514
279
292
291
292
308
310
294
340
590
291
266
441
294
280
493
271
286
274
281
456
264
499
269
395
376
526
268
327
318
466
274
340
284
279
270
293
277
442
287
297
479
306
274
272
315
281
436
327
276
300
385
426
459
438
270
475
266
273
279
280
314
296
312
269
290
299
288
265
371
266
265
283
267
270
270
307
329
267
288
277
274
310
290
388
286
337
279
313
277
282
293
278
297
368
325
268
271
286
314
352
281
303
314
256
289
260
1984
277
327
256
272
265
267
265
292
298
276
301
276
354
303
277
317
274
258
279
278
275
330
278
306
280
286
474
370
287
328
268
278
262
265
274
276
277
247
328
291
270
271
358
369
257
260
319
316
256
268
286
263
278
272
277
318
606
355
270
404
282
280
268
403
339
283
335
281
293
317
264
248
264
268
271
342
340
276
287
272
1202
305
1301
267
282
290
330
289
314
261
278
289
280
318
301
278
255
282
321
266
267
275
298
266
289
339
288
293
270
262
270
347
263
275
258
274
285
275
301
285
284
1334
262
356
316
287
267
263
341
306
352
275
312
359
329
269
302
275
284
381
289
281
303
268
317
274
271
272
314
325
273
261
282
267
463
315
268
308
519
305
290
357
491
337
266
317
276
336
268
282
373
276
278
273
367
268
259
272
285
1167
288
290
271
269
283
259
329
270
320
275
259
322
264
270
263
278
404
355
264
283
253
315
257
289
284
273
270
354
400
272
399
273
282
269
312
265
374
270
278
271
338
285
284
260
280
298
298
283
333
283
280
287
264
267
310
367
280
268
277
329
270
287
280
257
279
310
265
258
291
285
281
304
293
333
262
281
275
264
321
303
321
262
264
290
278
259
267
285
295
299
320
346
272
271
270
277
274
289
273
333
292
372
309
372
311
320
367
375
261
281
276
259
278
247
377
272
263
315
1007
1252
314
1244
261
286
260
268
307
288
1183
310
298
259
349
294
279
264
364
1146
323
270
305
274
276
267
277
291
305
313
351
303
296
283
270
283
998
256
298
275
1024
350
270
310
269
332
1003
946
292
291
300
1145
1047
1146
275
273
270
276
274
280
326
296
301
263
279
356
276
291
268
285
294
277
278
274
270
270
288
280
295
272
286
280
309
265
280
258
276
271
263
298
269
263
322
275
297
269
258
268
295
266
318
270
279
270
260
342
304
310
299
260
269
330
262
261
276
268
269
260
263
275
285
307
306
278
285
276
264
341
285
284
267
261
293
269
266
272
278
280
258
338
294
276
277
272
319
276
419
284
280
277
284
284
291
319
285
292
330
281
475
271
272
291
278
267
302
266
264
286
269
303
315
283
271
267
265
310
276
312
297
280
302
299
268
284
286
278
281
274
344
286
285
272
466
267
277
451
316
272
292
317
277
270
278
268
263
309
271
281
300
306
283
307
264
287
289
272
257
278
264
268
316
274
358
267
274
273
285
314
286
283
283
301
283
273
268
280
1228
309
314
275
272
286
261
978
333
286
275
283
281
395
288
266
281
272
277
280
287
326
275
319
276
268
282
269
276
298
273
293
314
327
308
268
295
264
257
285
273
256
279
288
270
368
349
264
284
263
266
280
281
288
322
315
275
269
296
266
289
290
274
285
277
281
270
337
268
303
262
261
260
279
273
282
287
275
284
263
267
289
270
288
336
360
310
267
280
271
303
262
269
269
264
281
271
321
304
259
325
270
360
334
316
335
279
285
254
256
268
321
315
267
262
283
278
254
730
352
271
272
312
329
263
265
341
277
301
305
269
298
1120
277
263
268
316
256
266
282
283
272
271
284
272
268
273
283
917
263
272
276
271
256
313
259
260
290
277
314
267
286
307
306
244
272
266
282
288
359
282
321
259
257
272
264
271
307
277
267
278
270
316
1010
267
267
270
265
268
286
325
281
265
302
274
268
281
280
325
265
266
279
289
271
280
278
269
278
317
272
288
256
280
263
266
274
272
270
278
269
306
268
281
319
272
310
284
305
310
287
267
283
271
934
260
465
277
303
279
295
317
287
267
258
282
1250
276
256
271
256
277
282
267
269
275
584
260
281
281
262
299
264
257
265
1857
284
277
319
263
298
286
272
333
297
310
265
282
273
272
280
276
282
279
286
338
332
270
291
272
343
272
285
289
306
287
278
262
278
280
264
331
265
281
268
318
270
307
304
343
259
263
280
270
281
276
275
284
311
292
295
311
319
282
264
281
281
300
286
278
346
293
273
299
288
323
294
279
313
285
302
276
278
647
649
304
339
287
271
277
316
318
268
266
293
311
277
289
318
276
260
264
268
266
333
288
259
309
284
316
295
284
585
276
271
320
270
291
267
281
291
320
269
326
1555
270
273
274
340
272
306
275
293
382
1638
276
280
1529
304
306
264
272
270
261
372
306
273
260
260
313
262
288
272
292
269
292
315
307
271
264
264
275
268
262
275
278
284
299
323
268
266
292
264
276
283
274
347
327
274
283
277
278
274
285
274
518
263
268
267
275
268
292
269
298
310
273
313
279
294
306
274
289
270
271
1383
313
267
286
257
358
287
280
264
300
347
340
338
276
368
1557
311
254
252
298
288
329
293
364
300
287
286
302
331
299
282
295
288
284
290
276
267
261
270
314
295
267
287
265
269
307
282
285
306
282
479
294
285
272
272
284
275
281
260
296
274
272
265
309
285
270
276
318
282
267
287
352
266
275
294
266
279
271
284
286
264
294
264
269
272
349
276
302
303
319
281
282
304
275
331
301
280
309
340
307
328
252
297
283
256
275
274
319
308
279
263
280
465
266
316
253
273
264
270
279
305
277
291
280
284
333
315
381
275
269
284
1046
267
277
262
296
266
272
303
324
314
278
274
276
285
270
291
266
266
267
250
286
265
274
277
294
405
274
308
276
295
271
265
252
258
263
272
283
290
262
313
264
314
268
310
320
272
343
266
270
356
321
294
320
306
268
270
366
269
291
288
279
267
259
470
273
274
255
326
273
261
263
278
354
278
288
290
278
272
279
283
272
304
292
276
280
276
329
270
262
291
275
369
311
342
272
294
289
275
276
266
333
265
291
275
261
278
273
295
282
319
479
564
354
846
298
306
297
303
287
309
351
275
266
267
280
273
256
399
275
318
266
319
286
338
276
336
292
281
269
349
331
265
303
339
279
266
324
293
274
338
302
264
294
327
280
290
420
306
270
294
264
263
265
316
323
320
320
322
269
272
270
286
263
303
488
284
270
314
279
277
273
292
309
280
278
278
325
316
364
375
287
276
260
267
296
285
328
279
265
311
312
274
287
300
312
270
377
338
367
252
263
282
279
395
263
382
358
266
296
345
302
324
274
289
308
388
268
459
278
278
305
285
311
359
297
281
291
343
286
259
254
276
271
286
277
312
322
323
282
310
377
268
315
272
282
299
324
275
276
309
329
269
289
264
267
270
277
304
284
282
337
276
264
252
284
289
265
359
268
265
342
342
277
278
266
296
350
306
260
310
270
302
315
310
291
305
265
332
353
334
331
345
671
310
315
276
282
279
268
318
266
585
331
275
256
321
290
289
271
288
304
277
273
262
261
272
311
288
330
286
283
266
274
272
301
260
284
326
265
265
279
257
264
286
283
311
259
266
695
280
465
275
266
292
315
299
274
262
281
290
267
323
303
293
272
291
300
282
287
282
276
311
287
269
288
296
269
306
292
274
312
264
299
302
266
254
273
261
362
474
330
298
277
315
278
298
260
294
270
270
267
275
259
313
287
254
283
275
289
278
365
295
303
305
314
266
310
269
273
272
267
256
269
315
340
310
359
321
280
304
288
279
276
264
276
287
268
288
292
275
291
311
265
289
322
335
283
289
263
286
277
282
286
319
278
281
284
273
282
277
278
286
288
251
274
292
280
287
297
341
324
266
273
266
293
276
247
299
510
310
262
280
321
276
288
272
291
275
296
271
263
265
281
275
279
310
298
272
249
280
292
280
265
313
325
281
266
332
299
325
274
319
277
321
271
269
280
301
263
266
305
288
353
275
265
253
308
274
257
310
328
342
294
307
315
352
265
260
328
280
259
304
256
269
270
280
279
276
271
301
256
332
274
263
275
284
286
288
276
277
283
269
309
262
406
281
291
265
281
286
281
270
267
266
487
278
266
264
267
284
286
295
260
352
270
278
271
281
278
323
372
464
447
290
286
321
285
341
329
321
315
315
324
297
318
298
292
297
326
310
287
296
372
307
307
307
303
303
297
300
338
290
312
325
306
290
287
288
285
305
315
301
281
272
278
269
276
315
343
341
292
315
283
307
296
311
348
444
290
277
285
277
305
285
429
319
339
353
357
314
313
395
300
403
320
326
306
288
319
329
409
332
311
358
393
343
318
322
316
315
315
375
347
323
320
294
298
305
340
309
277
334
311
324
272
278
329
299
309
318
324
356
290
332
281
281
280
284
280
289
352
273
276
286
301
299
745
294
336
294
326
279
273
296
289
339
327
274
274
280
288
279
271
287
320
292
295
282
271
303
290
289
274
278
333
262
321
303
278
295
334
272
285
279
262
261
274
270
340
275
273
274
376
309
288
283
282
257
296
272
285
308
319
322
312
261
312
264
274
277
289
315
311
273
299
312
287
299
291
266
314
266
273
323
273
262
280
278
325
284
282
307
276
289
297
295
337
282
306
261
289
270
265
291
291
305
272
289
330
283
358
289
274
266
285
285
277
350
265
321
268
291
295
286
308
365
342
277
275
306
305
268
309
282
263
270
264
264
279
276
277
262
325
306
299
254
274
286
281
268
281
314
321
387
270
254
322
275
272
281
332
252
311
319
274
260
276
283
279
341
266
285
271
272
268
271
267
325
340
300
284
291
260
274
273
344
299
319
276
280
314
282
286
290
308
270
335
258
331
273
262
285
263
293
271
274
322
277
302
277
278
330
267
261
261
286
264
302
267
284
304
279
273
279
284
281
268
278
287
275
265
272
268
349
273
270
269
280
334
284
325
310
267
264
307
318
286
260
352
287
258
324
297
273
272
348
271
277
330
267
275
267
303
301
277
277
282
320
276
288
288
305
258
271
292
298
283
357
267
266
294
255
302
258
270
270
353
265
267
278
289
317
330
283
279
280
274
302
303
315
301
283
286
304
278
304
281
277
312
327
290
299
342
285
284
311
275
278
353
284
273
272
278
280
267
340
286
275
299
317
276
275
303
270
281
263
266
236
317
238
324
314
279
263
271
280
310
275
296
268
300
284
340
290
272
255
291
311
284
323
292
321
292
262
272
254
280
269
362
320
282
267
318
347
288
319
285
337
275
295
301
273
309
299
308
336
326
278
307
262
274
275
265
280
268
289
286
285
284
267
272
303
264
276
268
270
309
263
281
285
330
286
707
275
376
323
302
313
269
308
289
275
253
283
286
306
281
254
289
313
316
291
317
332
328
267
279
291
259
275
294
280
318
265
281
276
268
299
282
288
289
270
257
280
295
308
283
270
313
273
279
337
287
307
276
295
265
291
296
277
271
262
280
346
270
254
283
318
274
275
266
279
270
353
283
268
285
447
275
286
276
280
285
282
331
296
282
279
271
272
286
297
270
291
274
272
256
278
285
282
311
275
270
279
282
257
353
297
264
353
333
279
314
269
256
293
271
324
264
305
334
281
303
308
387
296
280
275
279
279
299
264
272
328
276
302
272
275
268
284
304
280
284
278
338
319
283
309
278
280
712
275
270
284
286
283
318
281
268
289
291
275
295
284
267
315
493
295
277
266
263
276
299
307
276
293
303
283
269
299
312
294
382
282
360
328
260
274
265
275
276
253
286
325
303
296
341
255
299
279
285
264
268
276
328
397
264
301
350
342
276
293
276
259
282
340
302
261
268
335
291
345
283
318
273
278
274
348
288
279
269
273
286
277
326
287
291
276
304
265
275
313
292
272
296
291
333
289
331
275
283
347
267
289
285
281
334
267
292
286
285
301
280
291
298
271
365
329
285
281
264
298
338
326
264
338
287
333
360
252
289
276
386
295
325
295
293
306
290
281
283
275
280
345
356
346
312
282
286
302
309
286
311
276
290
273
288
311
286
300
295
310
277
259
261
275
287
264
274
285
310
323
287
324
324
260
269
271
315
271
273
268
286
282
280
303
307
271
283
274
269
306
297
284
306
271
310
273
262
322
269
264
280
295
292
274
273
288
294
331
298
274
282
285
283
289
260
348
329
297
329
262
273
268
349
291
293
280
317
299
293
271
303
303
366
309
300
300
341
322
291
278
309
290
298
263
278
372
436
278
371
260
308
293
436
282
323
264
287
285
265
274
289
286
280
259
259
262
323
323
271
327
289
303
290
276
321
313
297
274
276
274
345
347
291
270
280
309
271
301
326
262
292
310
344
332
285
291
277
300
285
271
270
309
277
316
264
302
276
273
320
297
274
268
280
299
270
307
276
277
270
287
284
290
267
277
279
300
281
308
286
304
278
445
269
282
300
269
286
264
269
287
279
315
293
291
321
271
283
278
268
285
283
276
287
330
285
286
314
308
262
315
265
269
269
320
320
285
312
283
278
315
278
297
263
299
298
275
282
267
373
284
286
262
280
264
270
365
329
306
310
264
331
305
308
278
325
283
307
293
313
296
319
374
297
287
278
356
279
286
267
297
298
314
279
292
287
288
289
269
313
309
290
277
274
296
268
284
279
283
289
270
293
275
290
273
279
271
308
289
332
318
338
319
305
351
314
375
292
297
312
285
282
331
280
314
316
314
338
298
330
326
331
330
283
333
285
313
282
361
296
285
301
312
278
275
303
336
303
298
279
297
324
261
301
296
282
356
280
330
291
317
273
299
285
288
287
289
278
307
297
310
309
277
289
289
285
285
285
318
296
263
286
285
279
332
297
277
275
286
288
277
284
334
283
346
278
274
272
314
272
302
263
268
282
269
302
318
279
279
278
262
280
281
285
282
291
284
290
275
304
292
314
282
268
338
282
310
267
311
304
284
278
271
263
288
286
293
293
281
283
301
293
327
285
332
283
270
309
271
273
308
286
338
268
306
260
281
279
310
268
267
280
271
274
278
263
276
262
292
293
282
279
280
287
284
278
282
376
265
278
302
258
276
262
313
267
325
294
290
449
265
306
283
296
269
304
321
301
288
288
290
288
285
273
297
272
272
273
291
261
269
266
286
319
288
293
271
274
282
283
270
285
309
308
268
255
323
269
297
267
303
324
286
303
301
279
271
305
348
291
295
286
280
290
285
284
262
278
307
275
287
293
272
452
269
293
276
317
271
271
259
268
329
289
310
300
295
305
293
267
315
312
282
268
284
281
290
336
272
313
264
337
261
251
297
267
317
271
272
275
298
297
267
276
291
287
267
328
287
338
302
288
299
317
269
261
281
269
295
321
287
285
266
279
275
277
267
288
280
275
304
282
278
270
261
272
298
269
299
279
332
257
273
284
262
291
316
271
292
311
275
294
275
260
282
305
283
252
315
302
271
248
304
307
368
284
276
322
278
275
281
277
278
287
286
275
254
269
275
285
348
267
270
286
258
322
258
322
318
298
272
281
269
259
293
322
271
265
284
309
316
275
293
276
291
280
283
270
264
260
274
279
280
276
305
263
290
272
274
272
270
339
678
278
279
312
256
341
300
311
271
260
282
268
272
302
318
269
282
277
278
282
271
275
261
255
272
272
294
261
274
269
267
288
277
268
264
287
909
267
319
270
260
275
280
332
271
268
1069
283
292
272
249
252
285
293
260
272
302
344
270
274
260
259
330
268
294
279
296
267
284
267
284
268
962
289
301
275
315
281
278
324
337
275
278
268
269
274
278
278
267
258
265
293
277
258
270
276
507
319
264
278
288
287
323
267
321
282
266
313
300
272
333
276
299
324
279
283
277
286
289
288
296
277
277
260
382
262
318
279
276
260
277
291
308
297
288
341
287
268
317
277
275
286
310
278
311
275
273
267
281
276
321
302
267
257
322
271
266
273
264
327
283
266
286
280
304
274
269
324
283
280
282
314
271
266
271
305
292
279
315
298
344
267
278
307
296
284
291
363
282
293
316
309
278
354
333
352
297
289
288
336
288
335
346
290
277
298
290
296
268
321
340
274
290
288
309
295
287
301
275
282
277
331
273
307
265
291
278
283
285
289
267
293
281
282
321
281
285
281
330
268
271
309
273
284
298
280
275
253
271
288
273
267
274
278
271
276
312
344
320
270
340
259
293
275
314
288
303
289
264
315
278
271
281
272
327
326
288
272
315
277
262
285
274
275
274
278
263
301
279
261
310
349
682
277
301
260
256
272
274
261
267
270
283
269
291
323
272
282
309
274
324
293
264
282
260
279
263
271
263
276
270
265
359
272
271
275
265
260
263
277
265
305
301
351
263
271
278
266
282
266
274
274
277
274
272
299
306
267
283
266
275
258
247
257
328
271
293
257
359
268
314
266
275
278
270
387
319
261
283
260
354
362
285
287
296
263
279
269
277
301
320
325
267
279
276
273
268
275
280
268
270
313
267
264
335
278
274
310
286
318
276
287
292
280
275
267
278
364
279
266
272
262
260
321
305
257
282
263
264
305
314
272
357
268
271
275
303
272
276
266
333
290
274
353
265
264
275
272
303
267
278
287
283
263
322
269
279
274
275
274
260
262
276
309
258
280
266
276
309
268
262
259
278
275
282
271
319
279
268
263
261
281
283
291
304
304
297
335
292
301
271
316
269
295
317
275
285
299
321
269
294
289
279
272
321
265
273
271
267
295
282
313
296
285
284
285
282
298
279
292
273
290
275
272
293
277
283
295
283
303
262
331
473
263
272
267
282
297
263
352
274
269
283
307
275
322
362
288
264
267
272
301
325
267
333
301
311
282
280
274
301
707
333
287
278
287
340
306
301
304
324
306
346
285
308
368
316
301
296
297
294
294
267
282
284
327
271
299
288
339
296
283
269
285
272
316
302
305
301
293
275
290
286
270
288
299
288
270
279
271
306
284
281
273
282
282
293
290
289
293
291
289
316
283
304
272
363
337
274
293
300
270
346
257
283
292
271
287
288
277
283
293
286
292
288
287
273
271
320
314
279
286
282
268
276
269
282
284
262
294
268
299
263
262
267
317
327
282
275
272
303
283
271
260
267
308
319
293
283
278
285
296
281
282
281
286
273
273
279
346
304
291
374
282
277
399
281
289
271
326
283
268
274
324
278
265
281
281
314
308
269
299
268
334
288
293
284
270
277
372
310
324
273
311
315
295
293
298
285
285
282
296
278
269
284
275
285
274
293
275
296
287
281
275
288
264
270
264
337
283
285
299
288
281
341
295
343
285
293
302
272
342
313
290
679
284
304
284
277
329
274
318
279
280
297
276
296
292
327
263
272
277
263
275
266
286
269
255
278
301
262
258
287
334
277
262
347
281
508
325
261
276
283
267
277
266
288
267
274
306
257
275
269
262
279
290
280
277
276
274
321
264
290
267
310
285
299
282
279
277
268
283
270
271
281
260
274
298
269
264
266
275
266
277
282
270
303
270
283
263
282
271
301
268
344
331
271
352
284
287
284
303
292
253
285
274
270
307
293
298
295
295
292
332
296
335
289
299
321
268
279
262
287
283
312
268
259
308
290
270
274
275
294
280
311
274
262
290
326
270
270
311
271
298
327
272
284
289
273
273
337
263
272
275
311
282
254
314
256
268
291
274
282
277
276
315
279
258
276
274
288
272
285
282
273
288
282
271
268
273
265
291
277
265
286
267
275
291
330
258
269
336
270
264
276
302
309
272
279
296
279
260
285
279
280
262
272
308
327
289
271
288
282
258
276
305
266
276
272
271
278
278
287
294
265
253
263
268
287
272
269
269
270
277
258
269
273
288
283
313
263
280
262
276
288
286
321
268
276
282
279
292
280
284
263
573
252
269
281
275
276
274
269
275
390
305
295
342
265
266
292
273
278
290
293
275
274
347
280
276
333
287
264
336
269
306
296
274
297
269
282
298
266
262
262
262
314
278
275
305
283
256
256
280
284
283
320
301
291
269
286
274
287
283
261
287
269
273
270
281
292
304
297
257
276
277
276
277
319
277
292
347
274
257
308
274
264
276
266
272
267
277
269
267
264
258
272
282
313
277
335
265
300
280
275
279
268
270
278
276
278
285
272
346
268
268
279
280
283
280
269
282
271
312
271
306
268
308
288
278
263
279
290
260
277
264
271
265
281
274
308
266
275
282
284
273
254
272
297
268
264
332
314
261
274
287
319
293
319
313
277
252
272
283
303
303
297
270
282
280
321
277
356
371
274
293
271
306
311
284
279
293
270
295
286
285
336
278
297
306
267
515
273
267
285
282
304
296
267
281
279
268
266
270
261
268
272
279
318
290
267
278
282
276
797
258
311
270
284
278
280
276
283
291
289
323
289
295
271
309
302
279
310
277
285
276
279
269
459
275
263
262
281
285
266
266
302
280
270
263
270
317
280
301
314
284
274
312
267
279
296
255
264
286
272
286
278
263
316
262
318
336
263
272
287
272
282
297
295
310
284
273
288
272
275
272
270
268
274
278
280
256
332
265
260
263
266
276
302
285
277
259
269
300
273
285
269
262
278
410
274
345
272
282
260
267
281
281
284
268
264
312
267
274
272
260
273
286
281
303
285
286
282
269
278
320
269
282
292
410
264
267
259
292
261
275
304
265
273
274
284
255
291
276
274
266
363
261
309
272
255
269
288
282
290
269
299
317
263
309
250
287
279
272
267
272
409
270
264
286
278
276
324
281
259
310
277
290
284
286
261
280
297
275
279
267
265
272
279
275
255
326
269
309
299
279
278
273
265
274
290
284
263
275
280
288
280
267
375
265
275
283
282
267
271
275
277
259
250
277
271
328
273
339
262
346
290
284
270
263
253
263
282
277
285
275
277
272
299
265
311
515
270
332
266
265
271
243
315
289
280
282
259
271
265
335
315
277
253
275
290
289
292
265
288
287
285
285
275
275
268
263
269
287
271
281
349
262
288
263
309
290
283
281
273
276
282
345
280
272
324
272
265
269
264
264
303
276
267
260
249
277
267
262
657
270
264
267
268
292
273
312
337
332
310
265
291
277
264
289
276
288
276
269
272
338
266
308
270
268
339
261
262
302
278
284
254
269
276
254
278
322
268
287
291
276
269
266
274
289
313
260
262
314
269
255
334
264
280
275
287
270
285
299
266
278
265
261
284
279
273
367
294
279
269
320
352
268
283
287
289
278
288
334
272
270
319
291
300
265
292
300
291
272
278
270
324
273
304
280
310
258
290
272
275
290
300
276
267
268
266
322
272
258
271
269
323
265
265
307
300
273
302
293
294
304
277
275
320
268
263
270
293
292
266
285
285
257
279
268
337
275
266
267
267
255
279
262
267
273
296
447
258
270
278
275
277
276
281
280
281
316
263
264
322
253
255
265
318
276
314
312
273
282
301
286
292
277
277
358
269
273
328
286
282
353
291
315
278
275
291
360
286
273
276
354
300
281
268
288
289
294
284
278
268
344
277
277
269
294
279
269
273
285
283
318
271
263
274
328
271
249
284
283
281
295
288
317
262
275
271
304
271
265
313
250
279
311
282
338
260
302
289
273
305
302
329
275
312
293
321
290
313
307
304
286
313
332
325
341
293
265
276
270
307
269
267
251
338
261
292
299
310
301
268
260
279
283
363
298
291
254
310
334
272
304
315
267
308
327
285
283
259
311
287
273
281
273
329
282
277
307
270
289
271
281
336
306
264
292
297
280
280
287
298
268
297
303
298
306
280
326
302
268
270
269
341
296
391
279
320
278
258
277
288
273
287
277
275
261
335
258
285
322
276
306
284
271
314
344
278
328
332
284
280
260
273
278
263
304
258
266
302
291
289
269
318
301
307
268
309
305
304
311
300
304
273
288
278
292
286
272
287
270
288
272
275
275
272
272
282
304
260
274
311
266
319
341
282
271
273
258
278
266
294
304
277
309
315
302
345
306
293
285
268
276
288
302
287
275
282
300
268
292
305
277
260
285
266
287
276
282
294
277
277
272
294
269
320
322
288
301
274
268
277
269
273
264
288
261
316
267
298
276
293
271
440
274
314
311
308
317
261
277
283
270
282
280
286
288
271
305
259
291
284
330
321
321
268
315
308
294
338
273
271
279
274
316
314
262
354
266
264
290
327
274
324
257
271
277
267
312
285
274
325
287
318
289
324
277
292
272
255
307
271
287
271
290
266
273
279
785
281
334
299
264
271
318
293
304
308
294
365
287
288
270
315
272
272
287
331
283
270
313
316
328
269
282
278
277
317
277
294
279
398
306
278
320
306
310
255
308
315
284
285
326
262
272
267
298
262
310
302
274
315
311
300
316
264
260
280
291
268
265
300
304
254
282
330
297
331
282
312
290
289
302
301
289
313
299
302
303
273
268
272
262
271
327
262
319
300
258
258
310
257
305
299
279
315
307
303
269
265
277
278
307
242
308
277
316
295
291
286
313
315
388
358
334
263
307
293
414
252
304
255
275
274
401
404
331
263
319
277
374
277
275
283
265
312
326
292
280
308
267
322
312
296
306
362
302
267
375
289
272
370
308
379
311
276
283
314
311
272
268
274
246
294
357
270
343
289
298
273
318
262
270
271
266
285
263
273
286
302
283
301
265
310
309
264
267
271
359
317
294
317
285
275
292
296
354
270
297
279
341
310
287
264
320
290
274
335
271
287
371
360
270
293
293
271
259
336
295
306
279
246
401
349
295
301
281
290
274
283
283
323
311
279
300
324
268
266
286
263
305
270
353
271
347
309
332
269
299
276
263
284
299
275
309
272
332
342
281
349
261
372
272
305
281
356
291
277
293
364
349
300
262
307
323
286
272
316
265
286
298
276
289
286
278
337
292
269
277
269
278
269
315
313
337
282
334
294
285
292
311
288
315
307
336
331
289
368
290
260
292
282
318
271
259
265
265
293
258
271
320
318
330
297
318
272
281
268
249
320
295
338
282
263
277
269
322
435
330
319
334
276
270
265
281
301
295
292
259
291
348
274
291
276
301
290
283
279
293
284
288
302
274
283
280
280
313
248
288
322
416
338
312
271
275
304
328
316
280
327
267
293
292
269
316
286
273
283
262
279
276
289
376
372
428
256
338
272
284
285
271
278
286
271
265
273
341
309
265
351
290
298
301
308
292
299
354
304
324
270
285
281
288
285
323
272
293
340
267
320
267
286
291
280
293
274
263
268
289
332
315
272
272
280
256
281
268
277
271
288
271
268
250
259
272
289
268
273
321
286
263
301
287
278
272
277
273
304
282
323
280
310
258
308
288
280
276
284
286
280
287
272
301
372
304
277
260
312
270
287
285
278
397
316
277
324
266
442
278
273
322
300
315
266
321
308
478
295
282
278
281
274
271
276
272
310
287
307
290
269
263
316
270
284
307
263
299
308
346
323
288
309
279
534
308
271
304
279
270
285
268
327
264
252
284
275
290
305
275
291
350
260
311
272
305
259
282
287
319
314
308
290
284
359
265
286
287
277
275
247
269
261
288
286
321
316
332
296
308
280
280
282
305
285
265
301
257
300
309
280
287
286
276
299
299
273
287
268
328
328
283
272
276
323
275
257
322
308
390
409
569
273
276
249
300
267
275
292
272
251
279
301
271
302
332
298
340
334
322
283
327
480
277
284
336
305
328
302
290
277
305
301
273
407
287
293
260
279
262
262
278
285
276
318
261
275
282
289
276
260
278
262
264
340
287
297
273
486
288
282
315
263
329
268
281
328
266
314
293
467
309
262
316
312
304
337
358
257
280
345
297
330
308
275
341
274
287
346
281
347
278
308
300
334
294
270
758
299
277
289
327
308
299
277
300
309
327
271
268
317
283
287
305
269
273
314
320
296
277
279
303
304
276
282
281
290
366
280
307
298
308
314
277
286
346
326
302
288
303
308
289
340
294
279
291
271
259
438
284
276
302
309
286
285
314
301
295
289
282
289
290
281
296
285
283
264
286
285
313
278
303
300
260
322
281
289
311
353
322
291
326
278
295
278
284
340
269
263
280
275
250
288
320
295
310
280
281
255
316
338
259
300
278
266
305
311
291
260
271
276
281
301
255
308
274
301
387
311
305
269
284
292
275
276
325
287
323
283
276
311
297
261
287
299
303
312
264
279
258
283
316
295
262
275
336
286
281
315
303
336
255
294
270
314
265
305
300
282
284
305
284
283
324
317
327
316
306
275
291
292
300
299
351
281
285
287
296
276
309
296
312
296
279
280
317
291
284
282
295
320
270
264
278
282
267
290
313
277
318
318
305
286
275
291
267
263
270
306
292
274
265
308
314
265
279
272
269
300
286
283
311
287
280
288
286
262
296
288
275
274
269
328
278
311
323
330
291
277
273
301
321
366
270
275
273
322
283
277
266
277
263
275
306
305
262
294
279
272
258
266
310
279
312
270
271
282
271
280
287
276
269
278
282
280
280
268
295
284
321
337
310
312
270
299
272
264
287
265
331
278
283
272
287
341
357
291
357
285
319
269
293
274
301
278
340
306
310
288
286
307
295
324
279
273
340
258
267
299
271
290
262
318
310
269
340
333
260
294
303
272
262
276
261
268
313
265
300
298
338
267
265
276
296
360
272
371
357
289
275
270
337
259
331
378
255
257
319
356
358
350
294
308
290
328
287
287
268
441
269
294
307
777
250
274
356
272
270
281
266
322
326
304
264
310
278
284
287
390
302
315
281
269
260
310
304
282
283
295
342
279
317
275
279
322
273
319
316
297
267
297
296
290
289
279
263
324
263
246
260
262
263
296
265
262
309
270
269
302
259
288
307
270
282
276
310
253
310
299
316
274
286
319
281
287
274
285
317
304
283
255
292
256
283
266
269
280
295
282
343
306
271
273
338
268
288
311
289
283
271
333
307
276
357
281
273
294
276
338
340
250
339
310
259
335
266
288
262
275
302
293
297
283
275
418
270
539
277
526
331
523
307
260
267
298
324
259
271
301
307
269
284
280
285
267
334
267
265
306
331
271
326
268
275
335
320
259
308
262
505
275
308
295
300
292
278
280
257
306
258
270
253
278
294
269
321
267
268
328
278
278
281
289
266
290
285
282
274
262
267
295
262
345
294
286
283
294
270
296
278
292
423
286
254
286
415
287
286
276
279
265
301
312
375
285
288
272
262
283
274
316
289
314
317
315
311
309
269
315
325
265
277
321
286
279
311
306
287
304
282
294
300
287
313
465
301
260
282
345
338
282
260
262
332
266
298
280
274
282
313
287
309
309
309
309
267
265
272
308
275
269
273
338
303
291
271
263
283
313
267
288
341
298
272
348
288
300
307
295
339
291
333
296
327
322
286
297
315
305
298
281
305
298
282
307
281
324
297
270
273
293
320
308
282
316
297
318
427
269
262
288
290
317
267
298
279
315
331
303
267
327
307
278
325
307
283
341
302
294
266
287
329
265
297
314
277
278
270
267
280
264
288
262
272
276
273
310
292
293
329
303
290
266
301
272
333
313
273
283
282
325
281
275
266
265
265
286
296
358
297
331
316
354
316
275
307
281
325
298
313
288
288
289
320
306
274
300
299
303
338
320
315
294
292
293
299
318
290
267
294
305
292
290
278
337
276
309
302
297
308
375
327
271
284
283
263
301
303
300
301
290
257
298
284
290
304
698
314
327
294
281
293
284
396
392
276
321
381
315
262
288
311
303
442
269
272
273
304
442
258
307
272
282
332
285
286
271
283
287
301
257
268
265
296
279
311
328
312
326
294
303
278
302
291
267
324
273
267
264
336
281
311
292
429
270
269
290
275
293
422
437
286
293
283
277
282
316
323
342
341
294
287
304
325
318
272
300
314
307
275
267
266
274
338
303
274
261
283
283
295
295
285
275
302
321
293
264
265
270
317
336
323
270
329
346
307
311
317
276
264
281
267
287
267
296
286
283
280
534
266
271
304
273
285
287
300
532
263
332
294
313
272
255
285
265
329
568
320
337
269
277
271
334
293
273
277
260
280
262
257
285
282
271
279
279
279
264
309
295
275
324
264
286
277
322
260
267
319
312
287
319
303
284
271
269
284
349
265
289
282
270
281
285
307
294
275
268
298
283
273
287
260
272
321
263
324
333
330
297
333
302
268
268
298
267
290
301
269
276
334
291
298
332
268
286
287
264
380
463
275
269
304
319
261
259
261
267
254
262
327
304
297
266
260
270
275
294
290
297
330
304
276
282
278
261
278
283
337
383
286
266
315
287
319
416
268
322
261
276
302
421
301
275
268
307
303
317
312
292
286
271
268
286
317
270
267
368
277
274
282
265
273
347
289
276
255
314
285
262
315
283
290
360
279
290
354
308
316
280
313
281
343
372
275
267
302
276
285
273
275
263
309
276
275
280
287
265
277
272
262
276
299
270
300
296
283
255
272
311
294
290
268
368
269
288
287
329
261
277
298
331
271
279
291
266
348
272
288
261
261
258
269
326
305
282
262
303
293
315
307
273
279
307
305
290
285
305
297
298
271
277
265
462
271
281
274
450
271
271
267
313
338
352
529
257
310
260
322
261
310
273
282
281
277
272
284
278
307
337
268
344
345
281
336
303
325
463
255
311
288
326
312
399
314
395
301
263
268
267
369
315
300
278
313
301
305
456
308
270
277
286
271
260
310
341
285
273
266
303
269
268
472
270
279
280
340
264
259
318
335
315
270
272
281
333
271
314
307
260
277
272
305
478
288
326
332
335
307
268
279
280
359
299
326
280
300
286
270
268
319
277
299
271
262
274
292
263
280
398
268
481
292
314
306
270
273
319
279
280
329
283
272
280
316
328
324
277
646
275
290
263
353
313
293
390
289
282
335
479
303
312
313
277
404
290
321
393
757
1057
1047
263
292
1237
353
308
313
276
273
438
272
429
270
307
265
283
279
296
310
299
274
397
276
320
275
274
278
300
419
288
286
1377
1361
1460
280
281
266
293
297
332
287
434
312
361
284
352
266
256
312
325
264
315
319
300
283
271
300
302
276
268
293
262
303
308
310
281
271
291
283
276
252
275
330
264
326
277
288
316
402
257
276
289
316
313
286
276
264
259
271
274
366
274
305
348
267
268
309
345
265
261
276
315
303
310
253
303
314
347
273
360
368
297
300
330
384
272
305
313
285
373
280
315
289
289
308
266
281
260
288
263
264
297
323
322
293
284
308
265
272
287
302
343
281
263
326
280
351
254
287
272
298
332
269
272
314
260
327
274
313
267
286
313
300
312
248
317
261
336
303
277
264
368
313
315
335
292
278
310
337
328
274
279
306
297
257
262
317
261
295
279
317
320
274
265
274
333
290
300
316
269
277
272
340
278
251
290
270
277
349
273
402
279
304
267
286
268
309
293
281
274
273
253
266
294
339
299
287
316
307
264
265
272
311
387
263
262
368
280
261
345
278
417
325
403
279
314
500
293
270
266
298
303
268
258
285
466
292
288
334
363
305
286
272
272
344
268
252
297
271
304
270
272
264
396
279
260
309
283
308
348
463
304
266
270
465
273
249
286
331
341
388
267
323
284
298
265
271
289
267
413
354
353
276
285
286
332
289
940
349
308
361
275
914
280
276
321
260
280
271
258
293
315
282
342
311
284
343
275
284
270
320
283
282
277
260
361
310
267
319
302
301
273
269
332
332
282
271
284
358
286
333
282
350
329
389
272
295
308
329
375
260
281
271
265
283
305
282
299
317
287
314
285
274
321
297
329
315
340
301
333
348
291
272
295
282
458
278
463
280
290
315
301
275
458
284
283
344
308
544
444
306
287
330
293
359
288
285
309
297
279
291
342
344
305
270
435
297
288
293
292
283
286
284
287
392
371
266
277
275
364
393
269
283
364
327
328
330
250
308
263
283
282
631
281
304
286
311
287
362
297
280
275
306
293
289
353
287
436
290
254
391
282
304
306
259
272
310
282
267
256
286
268
302
458
313
477
280
461
306
285
282
317
295
280
284
299
312
326
265
275
301
334
277
286
290
291
307
305
309
286
322
351
258
310
286
278
279
274
293
281
267
325
275
390
314
297
263
281
267
275
349
324
324
509
286
299
292
315
262
272
304
288
279
325
290
276
281
370
284
411
345
293
302
306
457
342
272
298
296
308
418
430
268
422
304
266
395
301
278
270
318
281
309
270
283
297
301
267
347
292
272
274
425
313
275
270
326
272
435
323
283
293
280
281
258
321
263
287
310
304
273
273
269
282
314
282
419
357
342
278
336
265
288
320
453
266
421
310
424
322
279
303
286
263
308
289
327
325
313
270
273
277
313
257
289
272
301
321
270
301
273
355
418
329
415
439
276
343
353
270
301
322
262
274
257
314
290
334
270
326
297
279
256
308
293
313
277
257
272
296
307
288
274
284
323
308
274
394
271
295
270
285
335
331
332
419
306
274
330
315
292
299
289
289
283
296
295
290
463
276
448
265
508
280
396
291
327
272
298
261
316
363
278
399
467
260
465
277
344
273
306
476
272
388
290
343
274
299
365
455
291
270
364
276
275
346
264
317
319
260
307
308
370
332
300
370
315
256
299
402
335
402
264
434
298
350
306
277
427
272
282
442
305
309
278
282
283
442
279
302
325
270
284
282
280
306
297
314
263
351
261
281
292
270
336
289
286
335
293
299
285
309
368
290
274
315
314
463
537
275
261
301
305
318
246
332
283
425
285
293
307
263
273
408
260
360
297
270
334
306
279
318
317
327
288
304
291
294
331
276
291
334
282
316
322
327
327
332
327
345
348
309
300
308
316
291
322
294
281
303
286
325
330
326
338
439
439
279
277
280
526
304
276
314
267
269
338
292
278
278
293
318
298
280
274
306
322
344
278
281
333
280
278
266
450
275
267
288
288
280
271
270
298
277
283
316
266
285
268
295
283
279
324
493
296
273
372
296
270
266
313
276
306
269
343
323
304
306
292
286
316
258
271
378
273
282
283
273
310
390
307
285
467
266
573
442
275
301
595
282
291
335
353
581
330
253
324
297
277
344
276
290
294
320
264
321
379
329
286
337
329
306
339
291
592
335
343
267
272
263
290
280
581
676
571
319
347
288
278
308
270
362
311
276
314
328
325
335
276
386
271
281
298
471
317
284
337
268
309
290
300
294
267
299
284
524
274
345
261
293
296
296
287
381
299
274
436
345
364
290
289
284
288
288
286
339
321
368
292
308
291
293
347
315
289
295
281
280
280
311
385
310
275
285
299
281
280
348
295
353
280
333
278
269
354
265
326
326
326
346
266
344
349
307
297
294
295
299
289
280
304
378
395
304
318
336
339
270
301
327
334
318
338
328
353
324
274
314
277
304
303
273
294
282
292
304
302
282
320
314
317
284
279
321
344
292
289
273
296
261
275
267
310
266
370
304
367
281
276
280
280
304
300
320
321
381
319
395
364
277
303
285
328
273
363
290
449
366
358
366
320
291
362
351
328
287
282
269
359
305
277
287
300
274
286
307
289
280
355
320
270
328
260
308
304
269
271
307
340
257
324
313
281
285
319
300
302
272
373
277
273
275
324
343
328
319
330
318
306
489
273
278
281
266
310
263
271
285
312
306
304
301
433
311
254
257
302
262
277
262
289
259
265
283
296
265
274
297
267
454
312
307
269
306
305
280
577
286
273
366
319
382
390
256
281
286
266
248
297
292
316
340
269
338
337
351
352
357
300
266
304
295
261
299
291
314
302
280
330
278
324
322
262
296
303
279
456
270
268
331
274
287
289
304
283
352
362
275
340
361
269
279
350
267
430
275
272
270
349
410
265
282
314
314
283
270
278
534
526
260
290
349
290
296
269
345
292
342
334
265
418
290
418
352
320
257
253
299
332
273
281
284
294
276
294
296
436
338
277
377
376
302
270
309
333
